001001001000000000000000000000000000000000000000000000000000
000001001000001100010000000100000000000000000000000000000000
000010011110000000001000000110110000000000011000000000000000
000001100010000000001000000110110000000000011000000000000000
001101010000000000000000000000000000000000000000000000000000
000001001000001100010000000100000100000000000000000000000000
000011011110000000001000000110110000110000011000000000000000
000001011110000000001000000110110000110000011000000000000000
000010110010000000010000001000001100000000000000000000100000
000001001000001100010000000100001000000000000000000000000000
000011111100000000000000000000000000000000010100000000000000
000011111100000000000000000000000000000000010100000000000000
000001001000000010000010000110000000000000000000000000000000
000001001000001100000100000100000000000000000000000000000000
000001001000001000001000000001010000010000000000000000000000
000001110010000000001000000000000001000000000100000000100001
000101000000000000000000000000000011100000000000000000000000
000101000100000000000000000000000011000000000000000000000000
010110111110000011000000000000000000100000011000000000000000
010110111110000011000000000000000000100000011000000000000000
000001001000001011000010010110000000000000000000000000000000
000001001000001011000010010001100000010000000000000000000000
000001001000000010000010000001000000010000000000000000000000
000001000001000000010000000000001101100000000000000001100000
000001000101000000010000000000001101000000000000000001100000
000101100101000000000000000000000010100000000000000000000000
000011000010001000000000101000000000000000000000000100100000
000001001000001100100000000000000000100000000000000000000000
000101110001001001000000010000000010100000000000000000000000
000101110101000000000000000000000010000000000000000000000000
000001001000000010100001000000000000100000000000000000000001
000001001000001100100000000000000000000000000000000000000000
100000000000010000000000000000000000000000000000000000000000
000110000101000000000000000000000010100000000000000000000000
000010100001000000000000000000000000100000000000000010000000
000010000000100000100000000000000000100000000000000000000000
000110010000000000000000000000000011100000000000000000000000
000010010010001000000000101000000001000000000000100100100000
000010001010001000000000101000000001000000000000100100100000
000001110100000000000000000000000000000000000000000001100000
000110100000000000000000000000000011100000000000000000000000
000110100101000000000000000000000010100000000000000000000000
000010100110000000000000000000000000000001000000000000100000
000001001000000010100001000000000000100000000000000000000000
000110110001000000000000000000000010100000000000000000000000
000010010100001000000000101000000000000000000001010000000000
000001101000000010100001000000000000100000000000000000000000
000010000100000000000000000000000000000000000000000001100000
000111000001000000000000000000000010100000000000000000000000
010011001100001000000000101000000000000000000000000100000000
000011000100000100100000000000000000101000000000000000000000
000001001000000000000000000000000000000000000000000000000000
000011100010000000000000000000000000000000000000000000000010
000000000000000000000000000000000000000000000000000000000000
000000000000000000000000000000000000000000000000000000000000
000001100100000000000000000000000000000000000000000001100000
000111100001000000000000000000000010100000001100000000000000
000000000000000000000000000000000000000000000000000000000000
000011110001000000000000000000000000000000000000000001001000
000001001000001000000000101000000000000000000010001000000000
000111110000000000000000000000000011100000000000000000000000
000000000000000000000000000000000000000000000000000000000000
000000000010000000000000000000000000000000000000000000010100
010010010101000000000000000000000000101110100000000000000000